15.00000 0.00000 -0.07000 0.00000 -0.05000 -0.02000 -0.05000 -0.01000 -0.03000 0.02000 0.02000 -0.01000 -0.01000 0.00000 0.00000 0.00000 -0.01000 0.01000 0.00000 0.00000 -0.04000 0.03000 -0.04000 
16.00000 0.00000 -0.12000 0.00000 -0.08000 -0.02000 -0.07000 -0.01000 -0.03000 0.02000 0.01000 -0.01000 -0.01000 0.00000 -0.01000 0.00000 -0.02000 0.02000 -0.02000 0.00000 -0.08000 0.03000 -0.10000 
17.00000 0.01000 -0.23000 0.01000 -0.16000 -0.01000 -0.11000 -0.01000 -0.05000 0.02000 0.01000 -0.01000 -0.01000 0.00000 -0.01000 0.00000 -0.03000 0.02000 -0.07000 0.00000 -0.17000 0.05000 -0.23000 
18.00000 0.29000 0.78000 0.17000 0.56000 0.08000 0.27000 0.01000 0.09000 0.02000 0.03000 -0.01000 -0.01000 0.00000 0.01000 0.05000 0.13000 0.17000 0.34000 0.27000 0.58000 0.45000 0.90000 
19.00000 0.04000 0.34000 0.02000 0.23000 -0.01000 0.10000 -0.01000 0.03000 0.02000 0.02000 -0.01000 -0.01000 0.00000 0.00000 0.00000 0.05000 0.05000 0.16000 0.05000 0.25000 0.11000 0.42000 
20.00000 0.00000 0.18000 0.00000 0.12000 -0.02000 0.04000 -0.01000 0.00000 0.02000 0.02000 -0.01000 -0.01000 0.00000 0.00000 0.00000 0.03000 0.02000 0.10000 0.01000 0.14000 0.05000 0.25000 
21.00000 0.00000 0.12000 0.00000 0.08000 -0.02000 0.02000 -0.01000 0.00000 0.02000 0.02000 -0.01000 -0.01000 0.00000 0.00000 0.00000 0.02000 0.02000 0.07000 0.01000 0.10000 0.05000 0.18000 
22.00000 0.00000 0.10000 0.00000 0.07000 -0.02000 0.01000 -0.02000 0.00000 0.02000 0.02000 -0.01000 -0.01000 0.00000 0.00000 0.00000 0.01000 0.02000 0.06000 0.01000 0.08000 0.05000 0.15000 
23.00000 0.00000 0.09000 0.00000 0.06000 -0.02000 0.00000 -0.01000 0.00000 0.02000 0.02000 -0.01000 -0.01000 0.00000 0.00000 0.00000 0.01000 0.02000 0.06000 0.00000 0.07000 0.04000 0.13000 
24.00000 0.00000 0.08000 0.00000 0.05000 -0.02000 0.00000 -0.01000 0.00000 0.02000 0.02000 -0.01000 -0.01000 0.00000 0.00000 0.00000 0.01000 0.02000 0.05000 0.01000 0.06000 0.04000 0.12000 
25.00000 -0.01000 0.07000 0.00000 0.05000 -0.02000 0.00000 -0.02000 0.00000 0.02000 0.02000 -0.01000 -0.01000 0.00000 0.00000 0.00000 0.01000 0.02000 0.05000 0.00000 0.05000 0.04000 0.12000 
26.00000 0.00000 0.07000 0.00000 0.05000 -0.02000 0.00000 -0.01000 0.00000 0.02000 0.02000 -0.01000 -0.01000 0.00000 0.00000 0.00000 0.01000 0.02000 0.05000 0.00000 0.05000 0.03000 0.11000 
27.00000 0.00000 0.07000 0.00000 0.05000 -0.02000 0.00000 -0.02000 0.00000 0.02000 0.02000 -0.01000 -0.01000 0.00000 0.00000 0.00000 0.01000 0.02000 0.05000 0.00000 0.05000 0.04000 0.10000 
28.00000 0.00000 0.06000 0.00000 0.04000 -0.02000 0.00000 -0.01000 0.00000 0.02000 0.02000 -0.01000 -0.01000 0.00000 0.00000 0.00000 0.01000 0.02000 0.05000 0.00000 0.05000 0.04000 0.10000 
29.00000 0.00000 0.06000 0.00000 0.04000 -0.03000 0.00000 -0.02000 0.00000 0.02000 0.02000 -0.01000 -0.01000 0.00000 0.00000 0.00000 0.01000 0.02000 0.04000 0.00000 0.04000 0.04000 0.09000 
30.00000 0.00000 0.06000 0.00000 0.04000 -0.02000 0.00000 -0.01000 0.00000 0.02000 0.02000 -0.01000 -0.01000 0.00000 0.00000 0.00000 0.01000 0.02000 0.04000 0.00000 0.04000 0.04000 0.09000 
31.00000 0.00000 0.06000 0.00000 0.04000 -0.02000 0.00000 -0.02000 0.00000 0.02000 0.02000 -0.01000 -0.01000 0.00000 0.00000 0.00000 0.01000 0.02000 0.04000 0.00000 0.04000 0.04000 0.09000 
32.00000 -0.01000 0.05000 0.00000 0.04000 -0.02000 0.00000 -0.01000 0.00000 0.02000 0.02000 -0.01000 -0.01000 0.00000 0.00000 0.00000 0.01000 0.02000 0.04000 0.00000 0.04000 0.03000 0.08000 
33.00000 -0.01000 0.05000 0.00000 0.04000 -0.03000 0.00000 -0.02000 0.00000 0.02000 0.02000 -0.01000 -0.01000 0.00000 0.00000 0.00000 0.01000 0.02000 0.04000 0.00000 0.04000 0.03000 0.08000 
34.00000 -0.01000 0.05000 0.00000 0.04000 -0.03000 0.00000 -0.02000 0.00000 0.02000 0.02000 -0.01000 -0.01000 0.00000 0.00000 0.00000 0.00000 0.02000 0.04000 0.00000 0.03000 0.03000 0.07000 
35.00000 0.00000 0.05000 0.00000 0.03000 -0.02000 0.00000 -0.01000 0.00000 0.02000 0.02000 -0.01000 -0.01000 0.00000 0.00000 0.00000 0.00000 0.02000 0.04000 0.00000 0.03000 0.03000 0.07000 
36.00000 -0.01000 0.05000 0.00000 0.04000 -0.02000 0.00000 -0.01000 0.00000 0.02000 0.02000 -0.01000 -0.01000 0.00000 0.00000 0.00000 0.00000 0.02000 0.04000 0.00000 0.03000 0.03000 0.07000 
37.00000 -0.01000 0.05000 0.00000 0.04000 -0.02000 0.00000 -0.01000 0.00000 0.02000 0.02000 -0.01000 -0.01000 0.00000 0.00000 0.00000 0.00000 0.02000 0.04000 0.00000 0.03000 0.03000 0.06000 
38.00000 -0.01000 0.05000 0.00000 0.04000 -0.03000 0.00000 -0.02000 0.00000 0.02000 0.02000 -0.01000 -0.01000 0.00000 0.00000 0.00000 0.00000 0.02000 0.04000 0.00000 0.03000 0.03000 0.06000 
39.00000 -0.01000 0.05000 -0.01000 0.04000 -0.03000 0.00000 -0.02000 0.00000 0.02000 0.02000 -0.01000 -0.01000 0.00000 0.00000 0.00000 0.00000 0.02000 0.03000 0.00000 0.03000 0.03000 0.06000 
40.00000 -0.01000 0.05000 -0.01000 0.04000 -0.03000 0.00000 -0.02000 0.00000 0.02000 0.02000 -0.01000 -0.01000 0.00000 0.00000 0.00000 0.00000 0.02000 0.03000 0.00000 0.03000 0.03000 0.06000 
41.00000 -0.01000 0.05000 -0.01000 0.03000 -0.03000 0.00000 -0.02000 0.00000 0.02000 0.02000 -0.01000 -0.01000 0.00000 0.00000 0.00000 0.00000 0.02000 0.03000 0.00000 0.02000 0.03000 0.05000 
42.00000 -0.01000 0.05000 -0.01000 0.03000 -0.03000 0.00000 -0.02000 0.00000 0.02000 0.02000 -0.01000 -0.01000 0.00000 0.00000 0.00000 0.00000 0.02000 0.03000 0.00000 0.02000 0.03000 0.05000 
43.00000 -0.01000 0.04000 -0.01000 0.03000 -0.03000 0.00000 -0.02000 0.00000 0.02000 0.02000 -0.01000 -0.01000 0.00000 0.00000 0.00000 0.00000 0.02000 0.03000 0.00000 0.02000 0.03000 0.05000 
44.00000 -0.01000 0.04000 -0.01000 0.03000 -0.03000 0.00000 -0.02000 0.00000 0.02000 0.02000 -0.01000 -0.01000 0.00000 0.00000 0.00000 0.00000 0.02000 0.03000 0.00000 0.02000 0.03000 0.04000 
45.00000 -0.01000 0.04000 -0.01000 0.04000 -0.03000 0.00000 -0.02000 0.00000 0.02000 0.02000 -0.01000 -0.01000 0.00000 0.00000 0.00000 0.00000 0.02000 0.03000 0.00000 0.02000 0.03000 0.04000 
46.00000 -0.01000 0.04000 -0.01000 0.04000 -0.03000 0.00000 -0.02000 0.00000 0.02000 0.02000 -0.01000 -0.01000 0.00000 0.00000 0.00000 0.00000 0.02000 0.03000 0.00000 0.02000 0.03000 0.04000 
47.00000 -0.01000 0.05000 -0.01000 0.04000 -0.03000 0.00000 -0.02000 0.00000 0.02000 0.02000 -0.01000 -0.01000 0.00000 0.00000 0.00000 0.00000 0.02000 0.03000 0.00000 0.02000 0.03000 0.04000 
48.00000 -0.01000 0.05000 -0.01000 0.04000 -0.03000 0.00000 -0.02000 0.00000 0.02000 0.02000 -0.01000 -0.01000 0.00000 0.00000 0.00000 0.00000 0.02000 0.03000 0.00000 0.02000 0.03000 0.03000 
49.00000 -0.01000 0.05000 -0.01000 0.04000 -0.03000 0.00000 -0.02000 0.00000 0.02000 0.02000 -0.01000 -0.01000 0.00000 0.00000 0.00000 0.00000 0.02000 0.03000 0.00000 0.01000 0.03000 0.03000 
50.00000 -0.02000 0.05000 -0.01000 0.04000 -0.03000 0.00000 -0.02000 0.00000 0.02000 0.02000 -0.01000 -0.01000 0.00000 0.00000 0.00000 0.00000 0.01000 0.03000 0.00000 0.01000 0.03000 0.03000 
51.00000 -0.02000 0.05000 -0.01000 0.04000 -0.03000 0.00000 -0.02000 0.00000 0.02000 0.02000 -0.01000 -0.01000 0.00000 0.00000 0.00000 0.00000 0.01000 0.03000 0.00000 0.01000 0.03000 0.02000 
52.00000 -0.02000 0.05000 -0.01000 0.04000 -0.03000 0.00000 -0.02000 0.00000 0.02000 0.02000 -0.01000 -0.01000 0.00000 0.00000 0.00000 0.00000 0.01000 0.03000 0.00000 0.01000 0.03000 0.02000 
53.00000 -0.02000 0.05000 -0.02000 0.04000 -0.03000 0.00000 -0.02000 0.00000 0.02000 0.02000 -0.01000 -0.01000 0.00000 0.00000 0.00000 0.00000 0.01000 0.03000 0.00000 0.01000 0.03000 0.02000 
54.00000 -0.02000 0.05000 -0.01000 0.05000 -0.03000 0.00000 -0.02000 0.00000 0.02000 0.02000 -0.01000 -0.01000 0.00000 0.00000 0.00000 0.00000 0.01000 0.03000 0.00000 0.01000 0.03000 0.01000 
55.00000 -0.02000 0.06000 -0.02000 0.05000 -0.03000 0.01000 -0.02000 0.00000 0.02000 0.02000 -0.01000 -0.01000 0.00000 0.00000 0.00000 0.00000 0.01000 0.03000 0.00000 0.00000 0.03000 0.01000 
56.00000 -0.02000 0.06000 -0.02000 0.05000 -0.03000 0.01000 -0.02000 0.00000 0.02000 0.02000 -0.01000 -0.01000 0.00000 0.00000 0.00000 0.00000 0.01000 0.02000 0.00000 0.00000 0.03000 0.00000 
57.00000 -0.02000 0.06000 -0.02000 0.05000 -0.04000 0.01000 -0.02000 0.00000 0.02000 0.02000 -0.01000 -0.01000 0.00000 0.00000 0.00000 0.00000 0.01000 0.02000 0.00000 0.00000 0.03000 0.00000 
58.00000 -0.02000 0.06000 -0.02000 0.05000 -0.04000 0.01000 -0.02000 0.00000 0.02000 0.02000 -0.01000 -0.01000 0.00000 0.00000 0.00000 0.00000 0.02000 0.02000 0.00000 0.00000 0.03000 0.00000 
59.00000 -0.03000 0.06000 -0.02000 0.06000 -0.04000 0.01000 -0.02000 0.00000 0.02000 0.02000 -0.01000 -0.01000 0.00000 0.00000 0.00000 0.00000 0.01000 0.02000 0.00000 0.00000 0.03000 0.00000 
60.00000 -0.03000 0.07000 -0.02000 0.06000 -0.04000 0.02000 -0.02000 0.00000 0.02000 0.02000 -0.01000 -0.01000 0.00000 0.00000 0.00000 0.00000 0.02000 0.02000 0.00000 0.00000 0.03000 -0.01000 
61.00000 -0.04000 0.07000 -0.03000 0.06000 -0.04000 0.02000 -0.02000 0.00000 0.02000 0.02000 -0.01000 -0.01000 0.00000 0.00000 0.00000 0.00000 0.02000 0.02000 0.01000 0.00000 0.04000 -0.01000 
62.00000 -0.03000 0.06000 -0.03000 0.06000 -0.04000 0.02000 -0.02000 0.00000 0.02000 0.02000 -0.01000 -0.01000 0.00000 0.00000 0.00000 0.00000 0.02000 0.02000 0.00000 0.00000 0.04000 -0.01000 
63.00000 -0.03000 0.07000 -0.02000 0.07000 -0.04000 0.02000 -0.02000 0.00000 0.02000 0.02000 -0.01000 -0.01000 0.00000 0.00000 0.00000 0.00000 0.02000 0.02000 0.00000 0.00000 0.04000 -0.03000 
64.00000 -0.03000 0.08000 -0.03000 0.07000 -0.04000 0.03000 -0.02000 0.01000 0.02000 0.02000 -0.01000 -0.01000 0.00000 0.00000 0.00000 0.00000 0.02000 0.02000 0.00000 0.00000 0.04000 -0.04000 
65.00000 -0.04000 0.08000 -0.03000 0.08000 -0.05000 0.03000 -0.02000 0.01000 0.02000 0.02000 -0.01000 -0.01000 0.00000 0.00000 0.00000 0.00000 0.02000 0.02000 0.00000 -0.01000 0.04000 -0.05000 
66.00000 -0.04000 0.09000 -0.03000 0.09000 -0.05000 0.04000 -0.03000 0.01000 0.02000 0.02000 -0.01000 -0.01000 0.00000 0.00000 0.00000 0.00000 0.02000 0.02000 0.00000 -0.01000 0.04000 -0.06000 
67.00000 -0.05000 0.10000 -0.04000 0.10000 -0.05000 0.04000 -0.03000 0.01000 0.02000 0.02000 -0.01000 -0.01000 0.00000 0.00000 0.00000 0.00000 0.02000 0.02000 0.00000 -0.02000 0.05000 -0.08000 
68.00000 -0.05000 0.11000 -0.04000 0.11000 -0.05000 0.05000 -0.03000 0.02000 0.01000 0.02000 -0.01000 -0.01000 0.00000 0.00000 0.00000 0.00000 0.02000 0.01000 0.00000 -0.03000 0.05000 -0.10000 
69.00000 -0.06000 0.12000 -0.05000 0.11000 -0.06000 0.06000 -0.03000 0.02000 0.01000 0.02000 -0.01000 -0.01000 0.00000 0.00000 0.00000 0.00000 0.02000 0.01000 0.01000 -0.03000 0.07000 -0.11000 
70.00000 -0.05000 0.11000 -0.04000 0.11000 -0.06000 0.06000 -0.03000 0.02000 0.02000 0.02000 -0.01000 -0.01000 0.00000 0.00000 0.00000 0.00000 0.02000 0.00000 0.01000 -0.04000 0.06000 -0.11000 
71.00000 -0.06000 0.12000 -0.05000 0.11000 -0.06000 0.06000 -0.03000 0.02000 0.02000 0.02000 -0.01000 -0.01000 0.00000 0.00000 0.00000 0.00000 0.02000 0.00000 0.01000 -0.05000 0.07000 -0.13000 
72.00000 -0.09000 0.17000 -0.08000 0.16000 -0.09000 0.10000 -0.04000 0.04000 0.01000 0.02000 -0.01000 -0.01000 0.00000 0.00000 0.00000 0.00000 0.02000 0.00000 0.02000 -0.07000 0.10000 -0.20000 
73.00000 -0.12000 0.17000 -0.11000 0.17000 -0.11000 0.10000 -0.05000 0.04000 0.01000 0.03000 -0.01000 -0.01000 0.00000 0.00000 0.00000 0.00000 0.03000 0.00000 0.04000 -0.08000 0.14000 -0.22000 
74.00000 -0.20000 0.30000 -0.19000 0.30000 -0.17000 0.20000 -0.08000 0.09000 0.01000 0.03000 -0.01000 -0.01000 0.00000 0.00000 0.01000 0.00000 0.05000 -0.03000 0.08000 -0.16000 0.24000 -0.44000 
75.00000 -0.34000 0.21000 -0.33000 0.21000 -0.27000 0.13000 -0.14000 0.06000 0.00000 0.03000 -0.01000 -0.01000 -0.01000 0.00000 0.02000 0.00000 0.07000 -0.02000 0.16000 -0.13000 0.48000 -0.34000 
76.00000 -0.39000 0.12000 -0.37000 0.13000 -0.31000 0.07000 -0.16000 0.03000 0.00000 0.02000 -0.01000 -0.01000 -0.01000 0.00000 0.02000 0.00000 0.10000 -0.01000 0.21000 -0.09000 0.57000 -0.25000 
77.00000 -0.39000 0.00000 -0.38000 0.00000 -0.31000 -0.02000 -0.16000 -0.01000 0.00000 0.02000 -0.01000 -0.01000 -0.01000 0.00000 0.02000 0.00000 0.11000 0.01000 0.23000 -0.02000 0.63000 -0.03000 
78.00000 -0.16000 0.02000 -0.15000 0.03000 -0.14000 0.00000 -0.07000 0.00000 0.01000 0.02000 -0.01000 -0.01000 0.00000 0.00000 0.01000 0.00000 0.05000 0.02000 0.09000 -0.01000 0.25000 -0.03000 
79.00000 -0.16000 0.05000 -0.16000 0.06000 -0.15000 0.02000 -0.07000 0.00000 0.01000 0.02000 -0.01000 -0.01000 0.00000 0.00000 0.01000 0.00000 0.05000 0.01000 0.09000 -0.03000 0.26000 -0.08000 
80.00000 -0.27000 0.00000 -0.26000 0.00000 -0.23000 -0.01000 -0.12000 0.00000 0.00000 0.02000 -0.01000 -0.01000 0.00000 0.00000 0.02000 0.01000 0.08000 0.03000 0.17000 0.00000 0.42000 0.01000 
81.00000 -0.32000 -0.23000 -0.32000 -0.22000 -0.27000 -0.19000 -0.14000 -0.09000 0.00000 0.01000 -0.01000 -0.01000 0.00000 0.00000 0.02000 0.03000 0.10000 0.09000 0.22000 0.15000 0.57000 0.35000 
82.00000 -0.13000 -0.10000 -0.13000 -0.08000 -0.13000 -0.08000 -0.07000 -0.04000 0.01000 0.01000 -0.01000 -0.01000 0.00000 0.00000 0.01000 0.01000 0.05000 0.06000 0.09000 0.06000 0.26000 0.16000 
83.00000 -0.13000 -0.08000 -0.13000 -0.07000 -0.13000 -0.07000 -0.07000 -0.04000 0.01000 0.01000 -0.01000 -0.01000 0.00000 0.00000 0.01000 0.01000 0.05000 0.05000 0.09000 0.05000 0.26000 0.13000 
84.00000 -0.11000 -0.09000 -0.11000 -0.08000 -0.11000 -0.08000 -0.06000 -0.04000 0.01000 0.01000 -0.01000 -0.01000 0.00000 0.00000 0.01000 0.01000 0.05000 0.05000 0.08000 0.06000 0.23000 0.15000 
85.00000 -0.11000 -0.07000 -0.11000 -0.06000 -0.11000 -0.07000 -0.06000 -0.04000 0.01000 0.01000 -0.01000 -0.01000 0.00000 0.00000 0.01000 0.01000 0.05000 0.04000 0.09000 0.05000 0.23000 0.13000 
86.00000 -0.09000 -0.07000 -0.10000 -0.06000 -0.10000 -0.07000 -0.05000 -0.04000 0.01000 0.02000 -0.01000 -0.01000 0.00000 0.00000 0.00000 0.01000 0.05000 0.05000 0.08000 0.05000 0.21000 0.13000 
87.00000 -0.26000 -0.04000 -0.28000 -0.03000 -0.26000 -0.05000 -0.14000 -0.03000 0.00000 0.02000 -0.01000 -0.01000 0.00000 0.00000 0.02000 0.01000 0.10000 0.02000 0.22000 0.00000 0.50000 0.01000 
88.00000 -0.12000 -0.10000 -0.13000 -0.08000 -0.13000 -0.08000 -0.07000 -0.04000 0.01000 0.01000 -0.01000 -0.01000 -0.01000 0.00000 0.00000 0.02000 0.05000 0.07000 0.11000 0.08000 0.26000 0.18000 
89.00000 -0.14000 -0.09000 -0.16000 -0.07000 -0.16000 -0.07000 -0.08000 -0.04000 0.01000 0.02000 -0.01000 -0.01000 -0.01000 0.00000 0.00000 0.02000 0.06000 0.06000 0.13000 0.06000 0.31000 0.14000 
90.00000 -0.18000 -0.13000 -0.20000 -0.12000 -0.19000 -0.11000 -0.10000 -0.06000 0.01000 0.01000 -0.01000 -0.01000 -0.01000 0.00000 0.01000 0.03000 0.08000 0.08000 0.17000 0.10000 0.39000 0.21000 
91.00000 -0.18000 -0.12000 -0.20000 -0.11000 -0.20000 -0.11000 -0.10000 -0.06000 0.01000 0.01000 -0.01000 -0.01000 -0.01000 0.00000 0.01000 0.03000 0.09000 0.07000 0.18000 0.09000 0.39000 0.19000 
92.00000 -0.16000 -0.15000 -0.19000 -0.15000 -0.19000 -0.14000 -0.10000 -0.07000 0.01000 0.01000 -0.01000 -0.01000 -0.01000 0.00000 0.01000 0.03000 0.09000 0.09000 0.18000 0.13000 0.39000 0.26000 
93.00000 -0.14000 -0.21000 -0.16000 -0.22000 -0.16000 -0.20000 -0.09000 -0.10000 0.01000 0.01000 -0.01000 -0.01000 0.00000 0.00000 0.00000 0.04000 0.08000 0.12000 0.17000 0.20000 0.36000 0.38000 
94.00000 -0.10000 -0.22000 -0.12000 -0.22000 -0.13000 -0.20000 -0.07000 -0.11000 0.01000 0.00000 -0.01000 -0.01000 -0.01000 0.00000 0.00000 0.04000 0.07000 0.13000 0.14000 0.21000 0.29000 0.40000 
95.00000 -0.10000 -0.24000 -0.12000 -0.25000 -0.12000 -0.23000 -0.07000 -0.12000 0.01000 0.00000 -0.01000 -0.01000 0.00000 0.00000 0.00000 0.05000 0.08000 0.15000 0.15000 0.25000 0.30000 0.45000 
96.00000 -0.04000 -0.22000 -0.05000 -0.22000 -0.07000 -0.20000 -0.04000 -0.11000 0.01000 0.01000 -0.01000 -0.01000 0.00000 0.00000 0.00000 0.05000 0.05000 0.15000 0.08000 0.24000 0.18000 0.42000 
97.00000 -0.02000 -0.21000 -0.03000 -0.21000 -0.05000 -0.19000 -0.03000 -0.10000 0.01000 0.01000 -0.01000 -0.01000 0.00000 0.00000 0.00000 0.05000 0.04000 0.15000 0.06000 0.24000 0.14000 0.40000 
98.00000 0.00000 -0.20000 -0.01000 -0.19000 -0.03000 -0.17000 -0.02000 -0.09000 0.02000 0.01000 -0.01000 -0.01000 0.00000 0.00000 0.00000 0.05000 0.03000 0.15000 0.04000 0.23000 0.10000 0.37000 
99.00000 0.00000 -0.19000 0.00000 -0.18000 -0.03000 -0.16000 -0.02000 -0.08000 0.02000 0.01000 -0.01000 -0.01000 0.00000 0.00000 -0.01000 0.06000 0.02000 0.16000 0.03000 0.22000 0.09000 0.35000 
100.00000 0.00000 -0.19000 0.00000 -0.17000 -0.03000 -0.15000 -0.02000 -0.07000 0.02000 0.01000 -0.01000 -0.01000 0.00000 0.00000 -0.01000 0.06000 0.03000 0.16000 0.04000 0.23000 0.09000 0.34000 
101.00000 0.00000 -0.20000 0.00000 -0.17000 -0.03000 -0.14000 -0.02000 -0.07000 0.02000 0.01000 -0.01000 -0.01000 -0.01000 0.00000 -0.01000 0.08000 0.02000 0.18000 0.03000 0.24000 0.09000 0.34000 
102.00000 0.01000 -0.21000 0.00000 -0.17000 -0.03000 -0.13000 -0.02000 -0.06000 0.02000 0.01000 -0.01000 -0.01000 -0.01000 0.00000 -0.01000 0.09000 0.02000 0.20000 0.02000 0.25000 0.08000 0.32000 
103.00000 0.01000 -0.24000 0.00000 -0.17000 -0.03000 -0.12000 -0.02000 -0.05000 0.02000 0.01000 -0.01000 -0.01000 -0.01000 0.00000 -0.02000 0.11000 0.02000 0.24000 0.03000 0.27000 0.08000 0.31000 
104.00000 0.04000 -0.26000 0.01000 -0.16000 -0.03000 -0.10000 -0.03000 -0.04000 0.01000 0.02000 -0.01000 -0.01000 -0.01000 0.01000 -0.04000 0.14000 0.00000 0.28000 0.00000 0.30000 0.06000 0.30000 
105.00000 0.11000 -0.35000 0.03000 -0.19000 -0.04000 -0.08000 -0.04000 -0.01000 0.01000 0.02000 -0.01000 -0.01000 -0.02000 0.02000 -0.09000 0.21000 -0.05000 0.40000 -0.04000 0.39000 0.05000 0.30000 
106.00000 0.64000 -0.54000 0.18000 -0.24000 -0.13000 -0.04000 -0.16000 0.02000 -0.01000 0.03000 -0.02000 -0.01000 -0.09000 0.05000 -0.50000 0.36000 -0.61000 0.78000 -0.47000 0.66000 0.02000 0.31000 
107.00000 0.24000 0.46000 0.07000 0.05000 -0.06000 -0.22000 -0.07000 -0.20000 0.00000 -0.01000 -0.01000 -0.02000 -0.04000 -0.08000 -0.19000 -0.41000 -0.40000 -0.50000 -0.32000 -0.30000 0.01000 0.21000 
108.00000 0.01000 0.21000 0.01000 -0.02000 -0.01000 -0.17000 -0.01000 -0.14000 0.02000 0.00000 -0.01000 -0.02000 -0.01000 -0.05000 -0.01000 -0.21000 -0.07000 -0.26000 -0.06000 -0.11000 0.03000 0.23000 
109.00000 0.00000 0.11000 0.00000 -0.04000 -0.01000 -0.15000 -0.01000 -0.11000 0.02000 0.00000 -0.01000 -0.01000 0.00000 -0.03000 0.00000 -0.13000 -0.03000 -0.14000 -0.02000 -0.03000 0.05000 0.24000 
110.00000 -0.01000 0.06000 0.00000 -0.05000 -0.01000 -0.13000 0.00000 -0.10000 0.02000 0.00000 -0.01000 -0.01000 0.00000 -0.02000 0.00000 -0.09000 0.00000 -0.09000 -0.01000 0.00000 0.04000 0.23000 
111.00000 -0.01000 0.03000 0.00000 -0.06000 -0.01000 -0.13000 0.00000 -0.09000 0.02000 0.00000 -0.01000 -0.01000 0.00000 -0.02000 0.00000 -0.06000 0.00000 -0.05000 0.00000 0.02000 0.04000 0.23000 
112.00000 -0.01000 0.01000 0.00000 -0.06000 -0.01000 -0.12000 -0.01000 -0.08000 0.02000 0.01000 -0.01000 -0.01000 0.00000 -0.02000 0.00000 -0.05000 0.00000 -0.02000 0.00000 0.04000 0.05000 0.23000 
113.00000 -0.01000 0.01000 0.00000 -0.06000 -0.01000 -0.12000 -0.01000 -0.08000 0.02000 0.01000 -0.01000 -0.01000 0.00000 -0.02000 0.00000 -0.04000 0.01000 -0.02000 0.00000 0.05000 0.05000 0.23000 
114.00000 -0.01000 0.00000 0.00000 -0.07000 -0.01000 -0.12000 0.00000 -0.08000 0.02000 0.01000 -0.01000 -0.01000 0.00000 -0.01000 0.00000 -0.03000 0.01000 0.00000 0.00000 0.06000 0.04000 0.23000 
115.00000 -0.01000 0.00000 0.00000 -0.07000 -0.01000 -0.12000 -0.01000 -0.08000 0.02000 0.01000 -0.01000 -0.01000 0.00000 -0.01000 0.00000 -0.03000 0.01000 0.00000 0.00000 0.07000 0.05000 0.23000 
116.00000 -0.01000 0.00000 0.00000 -0.07000 -0.01000 -0.12000 0.00000 -0.08000 0.02000 0.01000 -0.01000 -0.01000 0.00000 -0.01000 0.00000 -0.02000 0.01000 0.01000 0.00000 0.08000 0.04000 0.23000 
117.00000 -0.01000 -0.01000 0.00000 -0.07000 -0.01000 -0.12000 0.00000 -0.08000 0.02000 0.01000 -0.01000 -0.01000 0.00000 -0.01000 0.00000 -0.02000 0.01000 0.01000 0.00000 0.08000 0.04000 0.22000 
118.00000 -0.01000 -0.01000 0.00000 -0.07000 -0.01000 -0.12000 -0.01000 -0.08000 0.02000 0.01000 -0.01000 -0.01000 0.00000 -0.01000 0.00000 -0.02000 0.01000 0.02000 0.01000 0.09000 0.05000 0.22000 
119.00000 -0.01000 -0.01000 0.00000 -0.07000 -0.01000 -0.11000 0.00000 -0.07000 0.02000 0.01000 -0.01000 -0.01000 0.00000 -0.01000 0.00000 -0.01000 0.01000 0.02000 0.00000 0.09000 0.04000 0.22000 
120.00000 -0.01000 -0.02000 0.00000 -0.07000 -0.01000 -0.11000 -0.01000 -0.07000 0.02000 0.01000 -0.01000 -0.01000 0.00000 -0.01000 0.00000 -0.01000 0.01000 0.02000 0.01000 0.09000 0.05000 0.22000 
121.00000 0.00000 -0.01000 0.00000 -0.07000 -0.01000 -0.11000 -0.01000 -0.07000 0.02000 0.01000 -0.01000 -0.01000 0.00000 -0.01000 0.00000 -0.01000 0.01000 0.03000 0.00000 0.10000 0.04000 0.22000 
122.00000 0.00000 -0.02000 0.00000 -0.06000 -0.01000 -0.11000 -0.01000 -0.07000 0.02000 0.01000 -0.01000 -0.01000 0.00000 -0.01000 0.00000 -0.01000 0.01000 0.03000 0.00000 0.10000 0.05000 0.21000 
123.00000 -0.01000 -0.01000 0.00000 -0.06000 -0.01000 -0.11000 -0.01000 -0.07000 0.02000 0.01000 -0.01000 -0.01000 0.00000 -0.01000 0.00000 -0.01000 0.01000 0.03000 0.00000 0.10000 0.05000 0.21000 
124.00000 -0.01000 -0.02000 0.00000 -0.07000 -0.01000 -0.11000 -0.01000 -0.07000 0.02000 0.01000 -0.01000 -0.01000 0.00000 -0.01000 0.00000 -0.01000 0.01000 0.03000 0.00000 0.10000 0.04000 0.21000 
125.00000 0.00000 -0.02000 0.00000 -0.06000 -0.01000 -0.11000 -0.01000 -0.07000 0.02000 0.01000 -0.01000 -0.01000 0.00000 -0.01000 0.00000 -0.01000 0.01000 0.03000 0.00000 0.10000 0.04000 0.21000 
126.00000 0.00000 -0.02000 0.00000 -0.06000 -0.01000 -0.10000 0.00000 -0.07000 0.02000 0.01000 -0.01000 -0.01000 0.00000 -0.01000 0.00000 0.00000 0.01000 0.04000 0.00000 0.10000 0.04000 0.20000 
127.00000 0.00000 -0.02000 0.00000 -0.06000 -0.01000 -0.10000 0.00000 -0.07000 0.02000 0.01000 -0.01000 -0.01000 0.00000 -0.01000 0.00000 0.00000 0.01000 0.04000 0.00000 0.10000 0.04000 0.20000 
128.00000 0.00000 -0.02000 0.00000 -0.06000 -0.01000 -0.10000 0.00000 -0.07000 0.02000 0.01000 -0.01000 -0.01000 0.00000 -0.01000 0.00000 0.00000 0.01000 0.04000 0.00000 0.10000 0.04000 0.20000 
129.00000 -0.01000 -0.02000 0.00000 -0.06000 -0.01000 -0.10000 0.00000 -0.07000 0.02000 0.01000 -0.01000 -0.01000 0.00000 -0.01000 0.00000 0.00000 0.01000 0.04000 0.00000 0.11000 0.04000 0.20000 
130.00000 -0.01000 -0.02000 0.00000 -0.06000 -0.01000 -0.10000 -0.01000 -0.07000 0.02000 0.01000 -0.01000 -0.01000 0.00000 -0.01000 0.00000 0.00000 0.02000 0.04000 0.01000 0.10000 0.05000 0.20000 
131.00000 -0.01000 -0.02000 0.00000 -0.06000 -0.01000 -0.10000 -0.01000 -0.07000 0.02000 0.01000 -0.01000 -0.01000 0.00000 -0.01000 0.00000 0.00000 0.01000 0.04000 0.00000 0.11000 0.04000 0.19000 
132.00000 0.00000 -0.02000 0.00000 -0.06000 -0.01000 -0.10000 0.00000 -0.07000 0.02000 0.01000 -0.01000 -0.01000 0.00000 -0.01000 0.00000 0.00000 0.01000 0.04000 0.00000 0.11000 0.04000 0.19000 
133.00000 -0.01000 -0.02000 0.00000 -0.06000 -0.01000 -0.10000 0.00000 -0.07000 0.02000 0.01000 -0.01000 -0.01000 0.00000 -0.01000 0.00000 0.00000 0.01000 0.05000 0.00000 0.11000 0.04000 0.19000 
134.00000 -0.01000 -0.02000 0.00000 -0.06000 -0.01000 -0.10000 0.00000 -0.07000 0.02000 0.01000 -0.01000 -0.01000 0.00000 -0.01000 0.00000 0.00000 0.02000 0.05000 0.00000 0.11000 0.04000 0.19000 
135.00000 -0.01000 -0.02000 0.00000 -0.06000 -0.01000 -0.10000 0.00000 -0.07000 0.02000 0.01000 -0.01000 -0.01000 0.00000 -0.01000 0.00000 0.00000 0.01000 0.05000 0.00000 0.11000 0.04000 0.19000 
136.00000 -0.01000 -0.02000 0.00000 -0.06000 -0.01000 -0.10000 0.00000 -0.07000 0.02000 0.01000 -0.01000 -0.01000 0.00000 -0.01000 0.00000 0.00000 0.01000 0.05000 0.00000 0.12000 0.04000 0.19000 
137.00000 0.00000 -0.02000 0.00000 -0.06000 -0.01000 -0.10000 0.00000 -0.07000 0.02000 0.01000 -0.01000 -0.01000 0.00000 -0.01000 0.00000 0.00000 0.01000 0.05000 0.00000 0.11000 0.04000 0.18000 
138.00000 -0.01000 -0.02000 0.00000 -0.06000 -0.01000 -0.10000 0.00000 -0.07000 0.02000 0.01000 -0.01000 -0.01000 0.00000 -0.01000 0.00000 0.00000 0.01000 0.05000 0.00000 0.12000 0.04000 0.18000 
139.00000 0.00000 -0.01000 0.00000 -0.05000 0.00000 -0.10000 0.00000 -0.07000 0.02000 0.01000 -0.01000 -0.01000 0.00000 -0.01000 0.00000 0.00000 0.01000 0.05000 0.00000 0.11000 0.03000 0.18000 
140.00000 0.00000 -0.02000 0.00000 -0.05000 0.00000 -0.10000 0.00000 -0.07000 0.02000 0.01000 -0.01000 -0.01000 0.00000 -0.01000 0.00000 0.00000 0.01000 0.06000 0.00000 0.12000 0.03000 0.18000 
141.00000 -0.01000 -0.01000 0.00000 -0.05000 0.00000 -0.10000 0.00000 -0.07000 0.02000 0.01000 -0.01000 -0.01000 0.00000 -0.01000 0.00000 0.00000 0.01000 0.06000 0.00000 0.12000 0.03000 0.18000 
142.00000 -0.01000 -0.01000 0.00000 -0.05000 0.00000 -0.10000 0.00000 -0.07000 0.02000 0.01000 -0.01000 -0.01000 0.00000 -0.01000 0.00000 0.00000 0.01000 0.06000 0.00000 0.12000 0.03000 0.18000 
143.00000 -0.01000 -0.01000 0.00000 -0.05000 0.00000 -0.10000 0.00000 -0.07000 0.02000 0.01000 -0.01000 -0.01000 0.00000 -0.01000 0.00000 0.00000 0.01000 0.06000 0.00000 0.12000 0.03000 0.17000 
144.00000 -0.01000 -0.01000 0.00000 -0.05000 -0.01000 -0.10000 0.00000 -0.07000 0.02000 0.01000 -0.01000 -0.01000 0.00000 -0.01000 0.00000 0.00000 0.01000 0.06000 0.00000 0.13000 0.04000 0.18000 
145.00000 0.00000 -0.01000 0.00000 -0.05000 -0.01000 -0.10000 0.00000 -0.07000 0.02000 0.01000 -0.01000 -0.01000 0.00000 -0.01000 0.00000 0.00000 0.02000 0.06000 0.00000 0.13000 0.04000 0.17000 
146.00000 -0.01000 -0.01000 0.00000 -0.06000 -0.01000 -0.10000 0.00000 -0.07000 0.02000 0.01000 -0.01000 -0.01000 0.00000 -0.01000 0.00000 0.00000 0.01000 0.06000 0.00000 0.13000 0.04000 0.17000 
147.00000 -0.01000 -0.01000 0.00000 -0.05000 0.00000 -0.10000 0.00000 -0.07000 0.02000 0.01000 -0.01000 -0.01000 0.00000 -0.01000 0.00000 0.00000 0.02000 0.06000 0.00000 0.13000 0.04000 0.17000 
148.00000 -0.01000 -0.01000 0.00000 -0.06000 0.00000 -0.10000 0.00000 -0.07000 0.02000 0.01000 -0.01000 -0.01000 0.00000 -0.01000 0.00000 0.00000 0.01000 0.07000 0.00000 0.14000 0.03000 0.17000 
149.00000 -0.01000 -0.01000 0.00000 -0.05000 0.00000 -0.10000 0.00000 -0.07000 0.02000 0.01000 -0.01000 -0.01000 0.00000 -0.01000 0.00000 0.00000 0.01000 0.07000 0.00000 0.14000 0.03000 0.17000 
150.00000 -0.01000 -0.01000 0.00000 -0.05000 0.00000 -0.10000 0.00000 -0.07000 0.02000 0.01000 -0.01000 -0.01000 0.00000 -0.01000 0.00000 0.00000 0.01000 0.07000 0.00000 0.14000 0.03000 0.17000 
151.00000 -0.01000 -0.01000 0.00000 -0.06000 0.00000 -0.11000 0.00000 -0.08000 0.02000 0.01000 -0.01000 -0.01000 0.00000 -0.01000 0.00000 0.00000 0.01000 0.07000 0.00000 0.14000 0.03000 0.17000 
152.00000 -0.01000 -0.01000 0.00000 -0.06000 0.00000 -0.11000 0.00000 -0.08000 0.02000 0.01000 -0.01000 -0.01000 0.00000 -0.01000 0.00000 0.00000 0.02000 0.07000 0.00000 0.15000 0.04000 0.16000 
153.00000 -0.01000 -0.01000 0.00000 -0.05000 0.00000 -0.11000 0.00000 -0.08000 0.02000 0.01000 -0.01000 -0.01000 0.00000 -0.01000 0.00000 0.00000 0.02000 0.07000 0.00000 0.15000 0.04000 0.17000 
154.00000 -0.01000 -0.01000 0.00000 -0.05000 0.00000 -0.10000 0.00000 -0.07000 0.02000 0.01000 -0.01000 -0.01000 0.00000 -0.01000 0.00000 0.00000 0.01000 0.08000 0.00000 0.15000 0.03000 0.16000 
155.00000 -0.01000 -0.01000 0.00000 -0.05000 0.00000 -0.11000 0.00000 -0.08000 0.02000 0.01000 -0.01000 -0.01000 0.00000 -0.01000 0.00000 0.00000 0.02000 0.07000 0.00000 0.15000 0.03000 0.16000 
156.00000 -0.01000 -0.01000 0.00000 -0.05000 0.00000 -0.11000 0.00000 -0.08000 0.02000 0.01000 -0.01000 -0.01000 0.00000 -0.01000 0.00000 0.00000 0.01000 0.08000 0.00000 0.16000 0.04000 0.16000 
157.00000 -0.01000 -0.01000 0.00000 -0.06000 0.00000 -0.11000 0.00000 -0.08000 0.02000 0.00000 -0.01000 -0.01000 0.00000 -0.01000 0.00000 0.00000 0.02000 0.08000 0.01000 0.17000 0.04000 0.16000 
158.00000 -0.01000 -0.01000 0.00000 -0.06000 0.00000 -0.11000 0.00000 -0.08000 0.02000 0.01000 -0.01000 -0.01000 0.00000 -0.01000 0.00000 0.00000 0.02000 0.08000 0.00000 0.17000 0.04000 0.16000 
159.00000 -0.01000 -0.01000 0.00000 -0.05000 0.00000 -0.11000 0.00000 -0.08000 0.02000 0.00000 -0.01000 -0.01000 0.00000 -0.01000 0.00000 0.00000 0.01000 0.09000 0.00000 0.17000 0.03000 0.15000 
160.00000 -0.01000 -0.01000 0.00000 -0.06000 0.00000 -0.12000 0.00000 -0.09000 0.02000 0.00000 -0.01000 -0.01000 0.00000 -0.01000 0.00000 0.00000 0.02000 0.09000 0.01000 0.18000 0.04000 0.16000 
161.00000 -0.01000 -0.01000 0.00000 -0.06000 0.00000 -0.12000 0.00000 -0.09000 0.02000 0.00000 -0.01000 -0.01000 0.00000 -0.01000 0.00000 0.00000 0.02000 0.09000 0.01000 0.18000 0.04000 0.16000 
162.00000 -0.01000 -0.01000 0.00000 -0.06000 0.00000 -0.13000 0.00000 -0.10000 0.02000 0.00000 -0.01000 -0.01000 0.00000 -0.01000 0.00000 0.00000 0.02000 0.10000 0.01000 0.20000 0.05000 0.16000 
163.00000 -0.01000 -0.01000 0.00000 -0.06000 0.00000 -0.13000 0.00000 -0.10000 0.02000 0.00000 -0.01000 -0.01000 0.00000 -0.02000 0.00000 0.00000 0.02000 0.10000 0.01000 0.20000 0.04000 0.16000 
164.00000 -0.01000 -0.01000 0.00000 -0.06000 0.00000 -0.13000 0.00000 -0.10000 0.02000 0.00000 -0.01000 -0.01000 0.00000 -0.02000 0.00000 0.00000 0.02000 0.11000 0.01000 0.21000 0.04000 0.16000 
165.00000 -0.01000 -0.01000 0.00000 -0.06000 0.00000 -0.13000 0.00000 -0.10000 0.02000 0.00000 -0.01000 -0.01000 0.00000 -0.02000 0.00000 0.00000 0.02000 0.11000 0.01000 0.21000 0.04000 0.15000 
166.00000 -0.01000 -0.01000 0.00000 -0.06000 0.00000 -0.13000 0.00000 -0.10000 0.02000 0.00000 -0.01000 -0.01000 0.00000 -0.02000 0.00000 0.00000 0.02000 0.11000 0.01000 0.21000 0.04000 0.15000 
167.00000 -0.01000 -0.01000 0.00000 -0.06000 0.00000 -0.13000 0.00000 -0.10000 0.02000 0.00000 -0.01000 -0.01000 0.00000 -0.02000 0.00000 0.00000 0.02000 0.11000 0.01000 0.22000 0.04000 0.15000 
168.00000 -0.01000 -0.01000 0.01000 -0.05000 0.00000 -0.12000 0.01000 -0.09000 0.02000 0.00000 -0.01000 -0.01000 0.00000 -0.02000 0.00000 0.00000 0.01000 0.11000 0.00000 0.20000 0.03000 0.14000 
169.00000 -0.01000 -0.01000 0.01000 -0.05000 0.00000 -0.12000 0.01000 -0.10000 0.02000 0.00000 -0.01000 -0.01000 0.00000 -0.02000 0.00000 0.00000 0.01000 0.11000 0.00000 0.21000 0.03000 0.13000 
170.00000 -0.01000 -0.01000 0.01000 -0.06000 0.00000 -0.13000 0.01000 -0.10000 0.02000 0.00000 -0.01000 -0.01000 0.00000 -0.02000 0.00000 0.00000 0.01000 0.12000 0.00000 0.22000 0.03000 0.13000 
171.00000 -0.01000 -0.01000 0.01000 -0.06000 0.01000 -0.13000 0.01000 -0.11000 0.02000 0.00000 -0.01000 -0.02000 0.00000 -0.02000 0.00000 0.00000 0.01000 0.12000 0.00000 0.23000 0.03000 0.13000 
172.00000 -0.01000 -0.01000 0.01000 -0.06000 0.01000 -0.13000 0.01000 -0.11000 0.02000 0.00000 -0.01000 -0.02000 0.00000 -0.02000 0.00000 0.00000 0.01000 0.12000 0.00000 0.23000 0.03000 0.13000 
173.00000 -0.01000 -0.01000 0.01000 -0.06000 0.01000 -0.13000 0.01000 -0.11000 0.02000 0.00000 -0.01000 -0.02000 0.00000 -0.02000 0.00000 0.00000 0.01000 0.13000 0.00000 0.24000 0.03000 0.12000 
174.00000 -0.01000 -0.01000 0.01000 -0.06000 0.01000 -0.13000 0.01000 -0.11000 0.02000 0.00000 -0.01000 -0.02000 0.00000 -0.02000 0.00000 0.00000 0.01000 0.13000 -0.01000 0.24000 0.03000 0.12000 
175.00000 -0.01000 0.00000 0.01000 -0.05000 0.01000 -0.13000 0.02000 -0.11000 0.03000 0.00000 -0.01000 -0.01000 0.00000 -0.02000 0.00000 0.00000 0.00000 0.13000 -0.01000 0.25000 0.03000 0.11000 
176.00000 -0.01000 -0.01000 0.01000 -0.05000 0.02000 -0.13000 0.02000 -0.11000 0.03000 0.00000 -0.01000 -0.01000 0.00000 -0.02000 0.00000 0.00000 0.00000 0.13000 -0.03000 0.25000 0.02000 0.11000 
177.00000 -0.01000 -0.01000 0.01000 -0.05000 0.02000 -0.13000 0.03000 -0.11000 0.03000 0.00000 -0.01000 -0.02000 0.00000 -0.02000 0.00000 0.00000 0.00000 0.13000 -0.04000 0.25000 0.02000 0.10000 
178.00000 -0.01000 0.00000 0.01000 -0.05000 0.03000 -0.12000 0.03000 -0.10000 0.03000 0.00000 -0.01000 -0.01000 0.00000 -0.02000 0.00000 0.00000 0.00000 0.13000 -0.04000 0.24000 0.02000 0.09000 
179.00000 -0.01000 0.00000 0.01000 -0.05000 0.03000 -0.12000 0.03000 -0.10000 0.03000 0.00000 -0.01000 -0.01000 0.00000 -0.02000 0.00000 0.00000 0.00000 0.13000 -0.05000 0.24000 0.02000 0.09000 
180.00000 -0.01000 0.00000 0.01000 -0.05000 0.03000 -0.12000 0.03000 -0.10000 0.03000 0.00000 -0.01000 -0.01000 0.00000 -0.02000 0.00000 0.00000 0.00000 0.13000 -0.05000 0.24000 0.02000 0.08000 
181.00000 -0.01000 0.00000 0.01000 -0.05000 0.03000 -0.13000 0.03000 -0.11000 0.03000 0.00000 -0.01000 -0.02000 0.00000 -0.02000 0.00000 0.00000 0.00000 0.14000 -0.05000 0.26000 0.02000 0.08000 
182.00000 -0.01000 0.00000 0.01000 -0.05000 0.03000 -0.13000 0.04000 -0.11000 0.03000 0.00000 -0.01000 -0.02000 0.00000 -0.02000 0.00000 0.00000 -0.01000 0.15000 -0.05000 0.27000 0.02000 0.07000 
183.00000 -0.01000 0.00000 0.01000 -0.05000 0.03000 -0.13000 0.04000 -0.11000 0.03000 0.00000 -0.01000 -0.02000 0.00000 -0.03000 0.00000 0.00000 -0.01000 0.15000 -0.06000 0.27000 0.02000 0.06000 
184.00000 -0.01000 0.00000 0.02000 -0.05000 0.04000 -0.13000 0.05000 -0.12000 0.03000 0.00000 -0.01000 -0.02000 0.00000 -0.03000 0.00000 0.00000 -0.01000 0.16000 -0.07000 0.28000 0.02000 0.06000 
185.00000 -0.01000 -0.01000 0.02000 -0.05000 0.04000 -0.13000 0.05000 -0.12000 0.03000 0.00000 -0.01000 -0.02000 0.01000 -0.03000 0.00000 0.00000 -0.02000 0.16000 -0.07000 0.29000 0.03000 0.05000 
186.00000 -0.01000 0.00000 0.02000 -0.05000 0.05000 -0.14000 0.06000 -0.12000 0.03000 0.00000 -0.01000 -0.02000 0.01000 -0.03000 0.01000 0.00000 -0.03000 0.17000 -0.09000 0.31000 0.03000 0.05000 
187.00000 -0.01000 -0.01000 0.02000 -0.04000 0.05000 -0.13000 0.06000 -0.12000 0.04000 0.00000 -0.01000 -0.02000 0.01000 -0.03000 0.01000 -0.01000 -0.03000 0.18000 -0.10000 0.31000 0.03000 0.04000 
188.00000 -0.01000 0.00000 0.02000 -0.04000 0.07000 -0.13000 0.08000 -0.12000 0.04000 0.00000 -0.01000 -0.02000 0.01000 -0.03000 0.01000 -0.01000 -0.05000 0.18000 -0.13000 0.32000 0.03000 0.03000 
189.00000 -0.01000 -0.01000 0.02000 -0.04000 0.07000 -0.13000 0.09000 -0.13000 0.04000 0.00000 -0.01000 -0.02000 0.02000 -0.03000 0.01000 -0.01000 -0.05000 0.19000 -0.14000 0.33000 0.04000 0.02000 
190.00000 -0.01000 0.00000 0.05000 -0.08000 0.16000 -0.26000 0.18000 -0.27000 0.06000 -0.03000 0.00000 -0.03000 0.04000 -0.07000 0.02000 -0.03000 -0.10000 0.39000 -0.22000 0.71000 0.06000 0.00000 
191.00000 -0.01000 0.00000 0.07000 -0.11000 0.25000 -0.35000 0.28000 -0.37000 0.09000 -0.06000 0.00000 -0.03000 0.07000 -0.10000 0.04000 -0.04000 -0.17000 0.57000 -0.35000 1.03000 0.09000 -0.05000 
192.00000 -0.01000 -0.01000 0.11000 -0.13000 0.37000 -0.41000 0.43000 -0.44000 0.12000 -0.08000 0.01000 -0.04000 0.12000 -0.13000 0.07000 -0.06000 -0.31000 0.71000 -0.61000 1.29000 0.14000 -0.12000 
193.00000 0.00000 -0.01000 0.13000 -0.13000 0.46000 -0.42000 0.54000 -0.46000 0.15000 -0.08000 0.01000 -0.04000 0.16000 -0.13000 0.09000 -0.06000 -0.43000 0.81000 -0.81000 1.46000 0.18000 -0.17000 
194.00000 0.02000 0.00000 0.34000 -0.06000 1.28000 -0.16000 1.53000 -0.16000 0.40000 -0.01000 0.08000 -0.02000 0.48000 -0.04000 0.30000 0.00000 -1.74000 0.91000 -3.19000 1.62000 0.70000 -0.26000 
195.00000 0.01000 0.03000 0.28000 0.20000 1.05000 0.88000 1.27000 1.11000 0.34000 0.30000 0.06000 0.06000 0.41000 0.37000 0.25000 0.25000 -2.04000 -0.67000 -3.68000 -1.22000 0.86000 0.35000 
196.00000 0.00000 0.03000 0.09000 0.21000 0.33000 0.96000 0.41000 1.21000 0.13000 0.33000 0.00000 0.06000 0.12000 0.41000 0.07000 0.27000 -1.10000 -1.21000 -2.00000 -2.18000 0.46000 0.64000 
197.00000 -0.01000 0.02000 0.02000 0.16000 0.04000 0.74000 0.05000 0.95000 0.04000 0.27000 -0.01000 0.04000 0.01000 0.32000 0.00000 0.22000 -0.53000 -1.07000 -1.00000 -1.93000 0.26000 0.59000 
198.00000 -0.02000 0.01000 0.00000 0.10000 -0.05000 0.53000 -0.06000 0.70000 0.00000 0.21000 -0.02000 0.03000 -0.03000 0.24000 -0.02000 0.17000 -0.28000 -0.85000 -0.54000 -1.54000 0.16000 0.51000 
199.00000 -0.02000 0.01000 0.00000 0.07000 -0.08000 0.41000 -0.09000 0.56000 0.00000 0.17000 -0.02000 0.02000 -0.04000 0.20000 -0.02000 0.15000 -0.18000 -0.70000 -0.36000 -1.27000 0.12000 0.46000 
200.00000 -0.02000 0.01000 -0.01000 0.05000 -0.09000 0.33000 -0.11000 0.46000 0.00000 0.15000 -0.02000 0.01000 -0.04000 0.16000 -0.03000 0.13000 -0.11000 -0.59000 -0.24000 -1.07000 0.08000 0.42000 
201.00000 -0.02000 0.01000 0.00000 0.03000 -0.09000 0.26000 -0.11000 0.38000 0.00000 0.13000 -0.02000 0.01000 -0.04000 0.14000 -0.03000 0.11000 -0.07000 -0.50000 -0.16000 -0.90000 0.07000 0.38000 
202.00000 -0.02000 0.01000 0.00000 0.02000 -0.09000 0.21000 -0.11000 0.33000 0.00000 0.11000 -0.02000 0.00000 -0.04000 0.12000 -0.03000 0.10000 -0.05000 -0.43000 -0.12000 -0.78000 0.06000 0.36000 
203.00000 -0.02000 0.01000 0.00000 0.01000 -0.08000 0.18000 -0.10000 0.28000 0.00000 0.10000 -0.02000 0.00000 -0.04000 0.11000 -0.03000 0.09000 -0.03000 -0.38000 -0.09000 -0.69000 0.05000 0.33000 
204.00000 -0.02000 0.01000 0.00000 0.00000 -0.07000 0.15000 -0.10000 0.25000 0.00000 0.09000 -0.02000 0.00000 -0.04000 0.10000 -0.03000 0.09000 -0.02000 -0.34000 -0.07000 -0.61000 0.05000 0.32000 
205.00000 -0.02000 0.00000 0.00000 0.00000 -0.07000 0.12000 -0.10000 0.22000 0.00000 0.09000 -0.02000 0.00000 -0.04000 0.09000 -0.03000 0.08000 -0.01000 -0.30000 -0.05000 -0.55000 0.04000 0.31000 
206.00000 -0.02000 0.01000 0.00000 0.00000 -0.07000 0.10000 -0.09000 0.20000 0.00000 0.08000 -0.02000 0.00000 -0.04000 0.08000 -0.03000 0.08000 0.00000 -0.27000 -0.04000 -0.49000 0.04000 0.29000 
207.00000 -0.02000 0.01000 0.00000 -0.01000 -0.06000 0.09000 -0.09000 0.18000 0.00000 0.08000 -0.02000 0.00000 -0.04000 0.08000 -0.03000 0.08000 0.00000 -0.25000 -0.04000 -0.45000 0.03000 0.28000 
208.00000 -0.02000 0.01000 0.00000 -0.01000 -0.06000 0.07000 -0.08000 0.16000 0.00000 0.07000 -0.02000 0.00000 -0.04000 0.07000 -0.03000 0.08000 0.00000 -0.23000 -0.03000 -0.41000 0.03000 0.27000 
209.00000 -0.02000 0.01000 0.00000 -0.01000 -0.05000 0.06000 -0.08000 0.14000 0.00000 0.07000 -0.02000 0.00000 -0.04000 0.07000 -0.03000 0.07000 0.00000 -0.21000 -0.02000 -0.38000 0.03000 0.26000 
210.00000 -0.02000 0.01000 0.00000 -0.02000 -0.05000 0.05000 -0.08000 0.13000 0.00000 0.07000 -0.02000 0.00000 -0.04000 0.06000 -0.03000 0.07000 0.00000 -0.19000 -0.02000 -0.35000 0.03000 0.26000 
211.00000 -0.02000 0.01000 0.00000 -0.02000 -0.05000 0.04000 -0.07000 0.12000 0.00000 0.06000 -0.02000 0.00000 -0.04000 0.06000 -0.03000 0.07000 0.00000 -0.18000 -0.01000 -0.32000 0.03000 0.25000 
212.00000 -0.02000 0.01000 0.00000 -0.02000 -0.04000 0.03000 -0.07000 0.11000 0.00000 0.06000 -0.02000 0.00000 -0.04000 0.06000 -0.03000 0.07000 0.00000 -0.16000 -0.01000 -0.30000 0.03000 0.24000 
213.00000 -0.02000 0.01000 0.00000 -0.02000 -0.04000 0.02000 -0.07000 0.10000 0.00000 0.06000 -0.02000 0.00000 -0.04000 0.06000 -0.03000 0.07000 0.01000 -0.15000 -0.01000 -0.28000 0.03000 0.24000 
214.00000 -0.03000 0.01000 0.00000 -0.03000 -0.04000 0.01000 -0.07000 0.10000 0.00000 0.06000 -0.02000 0.00000 -0.04000 0.06000 -0.03000 0.07000 0.01000 -0.14000 -0.01000 -0.26000 0.03000 0.24000 
215.00000 -0.03000 0.01000 0.01000 -0.03000 -0.03000 0.01000 -0.06000 0.09000 0.00000 0.06000 -0.02000 0.00000 -0.04000 0.06000 -0.04000 0.07000 0.01000 -0.13000 -0.01000 -0.25000 0.03000 0.23000 
216.00000 -0.03000 0.02000 0.01000 -0.03000 -0.03000 0.00000 -0.06000 0.09000 0.00000 0.06000 -0.02000 0.00000 -0.04000 0.05000 -0.04000 0.07000 0.01000 -0.12000 -0.01000 -0.23000 0.03000 0.23000 
217.00000 -0.03000 0.02000 0.01000 -0.03000 -0.03000 0.00000 -0.06000 0.08000 0.00000 0.05000 -0.02000 0.00000 -0.04000 0.05000 -0.04000 0.07000 0.01000 -0.12000 -0.01000 -0.22000 0.03000 0.22000 
218.00000 -0.03000 0.02000 0.01000 -0.03000 -0.03000 0.00000 -0.06000 0.08000 0.00000 0.05000 -0.02000 0.00000 -0.04000 0.05000 -0.04000 0.07000 0.01000 -0.11000 -0.01000 -0.21000 0.03000 0.22000 
219.00000 -0.03000 0.02000 0.01000 -0.04000 -0.02000 -0.01000 -0.06000 0.07000 0.00000 0.05000 -0.02000 0.00000 -0.04000 0.05000 -0.04000 0.08000 0.01000 -0.10000 0.00000 -0.20000 0.02000 0.22000 
220.00000 -0.03000 0.02000 0.01000 -0.04000 -0.02000 -0.01000 -0.06000 0.06000 0.00000 0.05000 -0.02000 0.00000 -0.04000 0.05000 -0.04000 0.08000 0.01000 -0.10000 0.00000 -0.19000 0.02000 0.21000 
221.00000 -0.04000 0.02000 0.01000 -0.04000 -0.02000 -0.02000 -0.05000 0.06000 0.00000 0.05000 -0.02000 0.00000 -0.04000 0.05000 -0.04000 0.08000 0.01000 -0.09000 0.00000 -0.17000 0.03000 0.21000 
222.00000 -0.04000 0.03000 0.01000 -0.04000 -0.01000 -0.02000 -0.05000 0.06000 0.00000 0.05000 -0.02000 0.00000 -0.04000 0.05000 -0.05000 0.08000 0.01000 -0.08000 0.00000 -0.17000 0.02000 0.21000 
223.00000 -0.04000 0.03000 0.02000 -0.04000 -0.01000 -0.03000 -0.05000 0.05000 0.00000 0.05000 -0.02000 0.00000 -0.04000 0.06000 -0.05000 0.09000 0.01000 -0.08000 0.00000 -0.16000 0.02000 0.20000 
224.00000 -0.04000 0.03000 0.02000 -0.05000 -0.01000 -0.03000 -0.05000 0.05000 0.00000 0.05000 -0.02000 0.00000 -0.04000 0.06000 -0.05000 0.09000 0.01000 -0.07000 0.00000 -0.15000 0.02000 0.20000 
225.00000 -0.05000 0.04000 0.02000 -0.05000 0.00000 -0.04000 -0.05000 0.05000 0.00000 0.05000 -0.02000 0.00000 -0.05000 0.06000 -0.06000 0.09000 0.01000 -0.07000 0.00000 -0.14000 0.02000 0.20000 
226.00000 -0.05000 0.04000 0.02000 -0.05000 0.00000 -0.04000 -0.05000 0.05000 0.00000 0.05000 -0.02000 0.00000 -0.05000 0.06000 -0.06000 0.10000 0.01000 -0.06000 0.00000 -0.13000 0.03000 0.19000 
227.00000 -0.05000 0.04000 0.02000 -0.06000 0.00000 -0.05000 -0.05000 0.04000 0.00000 0.05000 -0.02000 0.00000 -0.05000 0.06000 -0.06000 0.10000 0.01000 -0.06000 -0.01000 -0.12000 0.03000 0.19000 
228.00000 -0.06000 0.05000 0.03000 -0.06000 0.00000 -0.06000 -0.04000 0.04000 0.00000 0.05000 -0.02000 0.00000 -0.05000 0.06000 -0.07000 0.11000 0.01000 -0.05000 -0.01000 -0.12000 0.03000 0.19000 
229.00000 -0.06000 0.05000 0.03000 -0.06000 0.01000 -0.06000 -0.04000 0.04000 0.00000 0.05000 -0.02000 0.00000 -0.06000 0.07000 -0.08000 0.11000 0.01000 -0.05000 -0.01000 -0.11000 0.03000 0.19000 
230.00000 -0.07000 0.06000 0.03000 -0.07000 0.02000 -0.07000 -0.04000 0.04000 0.00000 0.05000 -0.02000 0.00000 -0.06000 0.07000 -0.08000 0.12000 0.01000 -0.04000 -0.01000 -0.10000 0.03000 0.18000 
231.00000 -0.07000 0.06000 0.04000 -0.07000 0.03000 -0.08000 -0.04000 0.03000 0.00000 0.05000 -0.02000 0.00000 -0.07000 0.07000 -0.09000 0.13000 0.00000 -0.04000 -0.01000 -0.09000 0.03000 0.18000 
232.00000 -0.08000 0.07000 0.04000 -0.07000 0.03000 -0.08000 -0.04000 0.03000 0.00000 0.05000 -0.03000 0.00000 -0.07000 0.08000 -0.10000 0.13000 0.00000 -0.03000 -0.01000 -0.09000 0.03000 0.17000 
233.00000 -0.09000 0.07000 0.05000 -0.08000 0.05000 -0.09000 -0.03000 0.03000 0.00000 0.06000 -0.03000 0.00000 -0.08000 0.08000 -0.12000 0.14000 0.00000 -0.02000 -0.02000 -0.08000 0.03000 0.17000 
234.00000 -0.11000 0.08000 0.06000 -0.08000 0.06000 -0.10000 -0.03000 0.03000 0.00000 0.06000 -0.03000 0.00000 -0.09000 0.09000 -0.13000 0.15000 0.00000 -0.01000 -0.02000 -0.07000 0.04000 0.16000 
235.00000 -0.12000 0.09000 0.07000 -0.09000 0.08000 -0.10000 -0.03000 0.03000 -0.01000 0.06000 -0.03000 0.00000 -0.10000 0.09000 -0.16000 0.16000 0.00000 -0.01000 -0.03000 -0.07000 0.04000 0.16000 
236.00000 -0.14000 0.09000 0.08000 -0.09000 0.11000 -0.11000 -0.03000 0.03000 -0.01000 0.06000 -0.03000 0.00000 -0.11000 0.09000 -0.18000 0.17000 -0.01000 0.00000 -0.03000 -0.06000 0.05000 0.15000 
237.00000 -0.17000 0.10000 0.10000 -0.09000 0.13000 -0.12000 -0.02000 0.02000 -0.02000 0.06000 -0.04000 0.00000 -0.13000 0.09000 -0.21000 0.18000 -0.02000 0.00000 -0.04000 -0.05000 0.05000 0.14000 
238.00000 -0.20000 0.09000 0.12000 -0.09000 0.17000 -0.11000 -0.02000 0.03000 -0.02000 0.06000 -0.04000 0.00000 -0.16000 0.09000 -0.26000 0.18000 -0.03000 0.01000 -0.06000 -0.05000 0.06000 0.14000 
239.00000 -0.23000 0.09000 0.14000 -0.08000 0.21000 -0.10000 -0.01000 0.03000 -0.03000 0.05000 -0.04000 0.00000 -0.18000 0.08000 -0.30000 0.17000 -0.04000 0.01000 -0.07000 -0.05000 0.08000 0.14000 
240.00000 -0.27000 0.06000 0.16000 -0.07000 0.24000 -0.07000 -0.01000 0.03000 -0.04000 0.05000 -0.05000 -0.01000 -0.21000 0.07000 -0.35000 0.14000 -0.06000 0.01000 -0.08000 -0.06000 0.09000 0.14000 
241.00000 -0.30000 0.03000 0.18000 -0.05000 0.27000 -0.03000 -0.01000 0.04000 -0.04000 0.04000 -0.05000 -0.01000 -0.23000 0.04000 -0.40000 0.10000 -0.08000 0.01000 -0.09000 -0.07000 0.11000 0.14000 
242.00000 -0.33000 0.00000 0.19000 -0.03000 0.30000 0.00000 -0.01000 0.04000 -0.05000 0.03000 -0.05000 -0.02000 -0.24000 0.02000 -0.44000 0.06000 -0.10000 0.00000 -0.10000 -0.09000 0.12000 0.15000 
243.00000 -0.35000 -0.04000 0.20000 0.00000 0.31000 0.04000 -0.01000 0.05000 -0.05000 0.02000 -0.05000 -0.02000 -0.26000 0.00000 -0.47000 0.00000 -0.12000 0.00000 -0.10000 -0.10000 0.14000 0.16000 
244.00000 -0.37000 -0.09000 0.21000 0.02000 0.32000 0.10000 -0.01000 0.06000 -0.05000 0.01000 -0.05000 -0.03000 -0.27000 -0.04000 -0.50000 -0.06000 -0.13000 -0.02000 -0.10000 -0.12000 0.15000 0.17000 
245.00000 -0.37000 -0.15000 0.21000 0.05000 0.32000 0.16000 -0.02000 0.06000 -0.05000 0.00000 -0.04000 -0.04000 -0.27000 -0.09000 -0.51000 -0.15000 -0.15000 -0.04000 -0.09000 -0.14000 0.16000 0.19000 
246.00000 -0.35000 -0.21000 0.20000 0.09000 0.29000 0.22000 -0.02000 0.07000 -0.04000 0.00000 -0.04000 -0.04000 -0.25000 -0.13000 -0.49000 -0.23000 -0.15000 -0.07000 -0.08000 -0.15000 0.17000 0.22000 
247.00000 -0.31000 -0.26000 0.18000 0.12000 0.25000 0.27000 -0.03000 0.07000 -0.03000 -0.01000 -0.03000 -0.04000 -0.22000 -0.16000 -0.44000 -0.31000 -0.15000 -0.09000 -0.06000 -0.16000 0.16000 0.24000 
248.00000 -0.27000 -0.30000 0.15000 0.14000 0.20000 0.30000 -0.03000 0.07000 -0.02000 -0.02000 -0.02000 -0.04000 -0.19000 -0.18000 -0.39000 -0.36000 -0.15000 -0.12000 -0.04000 -0.16000 0.15000 0.25000 
249.00000 -0.23000 -0.32000 0.12000 0.15000 0.15000 0.32000 -0.04000 0.06000 -0.01000 -0.02000 -0.02000 -0.04000 -0.16000 -0.20000 -0.33000 -0.40000 -0.13000 -0.14000 -0.03000 -0.16000 0.14000 0.27000 
250.00000 -0.18000 -0.34000 0.10000 0.16000 0.10000 0.32000 -0.04000 0.06000 0.00000 -0.02000 -0.01000 -0.04000 -0.13000 -0.20000 -0.27000 -0.42000 -0.12000 -0.15000 -0.01000 -0.15000 0.13000 0.28000 
251.00000 -0.14000 -0.34000 0.07000 0.16000 0.06000 0.32000 -0.05000 0.06000 0.00000 -0.02000 -0.01000 -0.04000 -0.10000 -0.20000 -0.21000 -0.44000 -0.11000 -0.16000 0.00000 -0.14000 0.12000 0.29000 
252.00000 -0.10000 -0.34000 0.05000 0.16000 0.02000 0.32000 -0.05000 0.05000 0.00000 -0.02000 -0.01000 -0.03000 -0.07000 -0.20000 -0.16000 -0.44000 -0.09000 -0.17000 0.00000 -0.13000 0.11000 0.30000 
253.00000 -0.06000 -0.34000 0.03000 0.15000 -0.01000 0.30000 -0.05000 0.05000 0.01000 -0.01000 -0.01000 -0.03000 -0.05000 -0.20000 -0.10000 -0.44000 -0.07000 -0.18000 0.01000 -0.12000 0.09000 0.30000 
254.00000 -0.02000 -0.32000 0.01000 0.14000 -0.04000 0.28000 -0.05000 0.05000 0.01000 -0.01000 -0.01000 -0.03000 -0.02000 -0.19000 -0.05000 -0.42000 -0.06000 -0.18000 0.01000 -0.11000 0.08000 0.30000 
255.00000 0.00000 -0.31000 0.00000 0.13000 -0.06000 0.26000 -0.05000 0.04000 0.02000 0.00000 0.00000 -0.03000 -0.01000 -0.17000 0.00000 -0.40000 -0.04000 -0.18000 0.01000 -0.10000 0.07000 0.30000 
256.00000 0.02000 -0.28000 -0.01000 0.12000 -0.08000 0.24000 -0.05000 0.04000 0.02000 0.00000 0.00000 -0.02000 0.00000 -0.16000 0.02000 -0.37000 -0.03000 -0.18000 0.01000 -0.09000 0.06000 0.30000 
257.00000 0.03000 -0.26000 -0.02000 0.10000 -0.09000 0.22000 -0.05000 0.04000 0.02000 0.00000 0.00000 -0.02000 0.00000 -0.14000 0.04000 -0.34000 -0.02000 -0.17000 0.01000 -0.08000 0.05000 0.30000 
258.00000 0.04000 -0.24000 -0.02000 0.09000 -0.10000 0.20000 -0.05000 0.04000 0.02000 0.00000 -0.01000 -0.02000 0.01000 -0.13000 0.05000 -0.32000 -0.01000 -0.17000 0.01000 -0.08000 0.05000 0.29000 
259.00000 0.05000 -0.23000 -0.02000 0.08000 -0.10000 0.18000 -0.05000 0.04000 0.02000 0.00000 -0.01000 -0.02000 0.01000 -0.12000 0.07000 -0.29000 0.00000 -0.16000 0.01000 -0.07000 0.04000 0.29000 
260.00000 0.05000 -0.21000 -0.03000 0.07000 -0.10000 0.16000 -0.05000 0.03000 0.02000 0.00000 -0.01000 -0.02000 0.02000 -0.11000 0.07000 -0.27000 0.00000 -0.16000 0.01000 -0.07000 0.04000 0.28000 
261.00000 0.05000 -0.20000 -0.03000 0.06000 -0.10000 0.15000 -0.05000 0.03000 0.02000 0.01000 -0.01000 -0.02000 0.02000 -0.10000 0.08000 -0.25000 0.00000 -0.15000 0.01000 -0.06000 0.03000 0.28000 
262.00000 0.05000 -0.19000 -0.03000 0.06000 -0.10000 0.14000 -0.05000 0.03000 0.02000 0.01000 -0.01000 -0.02000 0.02000 -0.09000 0.08000 -0.23000 0.00000 -0.15000 0.01000 -0.06000 0.03000 0.28000 
263.00000 0.06000 -0.17000 -0.03000 0.05000 -0.10000 0.13000 -0.05000 0.03000 0.02000 0.01000 -0.01000 -0.02000 0.02000 -0.08000 0.08000 -0.22000 0.00000 -0.15000 0.00000 -0.05000 0.03000 0.27000 
264.00000 0.06000 -0.17000 -0.03000 0.05000 -0.10000 0.12000 -0.05000 0.03000 0.02000 0.01000 -0.01000 -0.01000 0.02000 -0.08000 0.09000 -0.21000 0.01000 -0.14000 0.00000 -0.05000 0.03000 0.27000 
265.00000 0.06000 -0.16000 -0.03000 0.04000 -0.10000 0.11000 -0.05000 0.03000 0.02000 0.01000 -0.01000 -0.01000 0.02000 -0.07000 0.09000 -0.20000 0.01000 -0.14000 0.00000 -0.05000 0.02000 0.27000 
266.00000 0.06000 -0.15000 -0.02000 0.04000 -0.10000 0.10000 -0.05000 0.03000 0.02000 0.01000 -0.01000 -0.01000 0.02000 -0.07000 0.09000 -0.19000 0.01000 -0.14000 0.00000 -0.05000 0.02000 0.27000 
267.00000 0.06000 -0.15000 -0.02000 0.03000 -0.10000 0.10000 -0.05000 0.03000 0.02000 0.01000 -0.01000 -0.01000 0.01000 -0.06000 0.09000 -0.18000 0.01000 -0.14000 0.00000 -0.04000 0.02000 0.27000 
268.00000 0.06000 -0.14000 -0.02000 0.03000 -0.10000 0.09000 -0.05000 0.03000 0.02000 0.01000 -0.01000 -0.01000 0.01000 -0.06000 0.09000 -0.17000 0.01000 -0.14000 0.00000 -0.04000 0.02000 0.26000 
269.00000 0.05000 -0.13000 -0.02000 0.03000 -0.10000 0.08000 -0.05000 0.03000 0.02000 0.01000 -0.01000 -0.01000 0.01000 -0.06000 0.09000 -0.16000 0.01000 -0.13000 0.00000 -0.04000 0.02000 0.26000 
270.00000 0.05000 -0.13000 -0.02000 0.02000 -0.10000 0.08000 -0.05000 0.03000 0.02000 0.02000 -0.01000 -0.01000 0.01000 -0.05000 0.09000 -0.16000 0.01000 -0.13000 0.00000 -0.04000 0.02000 0.26000 
271.00000 0.05000 -0.13000 -0.02000 0.02000 -0.09000 0.08000 -0.05000 0.03000 0.02000 0.02000 -0.01000 -0.01000 0.01000 -0.05000 0.09000 -0.15000 0.02000 -0.13000 0.00000 -0.03000 0.02000 0.26000 
272.00000 0.05000 -0.12000 -0.02000 0.02000 -0.09000 0.07000 -0.05000 0.03000 0.02000 0.02000 -0.01000 -0.01000 0.01000 -0.05000 0.09000 -0.15000 0.02000 -0.13000 0.00000 -0.03000 0.02000 0.26000 
273.00000 0.05000 -0.12000 -0.02000 0.02000 -0.09000 0.07000 -0.05000 0.03000 0.02000 0.02000 -0.01000 -0.01000 0.01000 -0.05000 0.09000 -0.14000 0.02000 -0.13000 0.00000 -0.03000 0.02000 0.26000 
274.00000 0.05000 -0.12000 -0.02000 0.01000 -0.09000 0.07000 -0.05000 0.03000 0.02000 0.02000 -0.01000 -0.01000 0.01000 -0.04000 0.09000 -0.14000 0.02000 -0.13000 0.00000 -0.03000 0.02000 0.26000 
275.00000 0.05000 -0.12000 -0.02000 0.01000 -0.09000 0.06000 -0.05000 0.03000 0.01000 0.02000 -0.01000 -0.01000 0.01000 -0.04000 0.09000 -0.14000 0.02000 -0.13000 0.00000 -0.02000 0.02000 0.26000 
276.00000 0.06000 -0.11000 -0.02000 0.01000 -0.09000 0.06000 -0.05000 0.03000 0.01000 0.02000 -0.01000 -0.01000 0.01000 -0.04000 0.09000 -0.13000 0.02000 -0.13000 0.00000 -0.02000 0.02000 0.26000 
277.00000 0.06000 -0.11000 -0.02000 0.01000 -0.09000 0.06000 -0.05000 0.03000 0.01000 0.02000 -0.01000 -0.01000 0.01000 -0.04000 0.09000 -0.13000 0.02000 -0.13000 0.00000 -0.02000 0.02000 0.26000 
278.00000 0.05000 -0.11000 -0.02000 0.01000 -0.09000 0.06000 -0.05000 0.03000 0.01000 0.02000 -0.01000 -0.01000 0.01000 -0.04000 0.09000 -0.13000 0.02000 -0.13000 0.00000 -0.01000 0.02000 0.26000 
279.00000 0.06000 -0.11000 -0.01000 0.01000 -0.09000 0.05000 -0.05000 0.03000 0.01000 0.02000 -0.01000 -0.01000 0.01000 -0.04000 0.09000 -0.13000 0.02000 -0.13000 0.00000 -0.01000 0.01000 0.26000 
280.00000 0.06000 -0.11000 -0.01000 0.01000 -0.09000 0.05000 -0.06000 0.03000 0.01000 0.02000 -0.01000 -0.01000 0.01000 -0.03000 0.09000 -0.12000 0.03000 -0.13000 0.00000 -0.01000 0.01000 0.26000 
281.00000 0.06000 -0.11000 -0.01000 0.00000 -0.09000 0.05000 -0.06000 0.03000 0.01000 0.02000 -0.01000 -0.01000 0.01000 -0.03000 0.09000 -0.12000 0.03000 -0.13000 0.00000 -0.01000 0.01000 0.26000 
282.00000 0.06000 -0.10000 -0.01000 0.00000 -0.09000 0.05000 -0.06000 0.03000 0.01000 0.02000 -0.01000 -0.01000 0.01000 -0.03000 0.09000 -0.12000 0.03000 -0.14000 0.00000 0.00000 0.01000 0.26000 
283.00000 0.06000 -0.10000 -0.01000 0.00000 -0.09000 0.05000 -0.06000 0.03000 0.01000 0.02000 -0.01000 -0.01000 0.01000 -0.03000 0.10000 -0.12000 0.03000 -0.14000 -0.01000 0.00000 0.01000 0.26000 
284.00000 0.06000 -0.10000 -0.01000 0.00000 -0.09000 0.04000 -0.06000 0.03000 0.01000 0.02000 -0.01000 -0.01000 0.01000 -0.03000 0.10000 -0.11000 0.03000 -0.14000 -0.01000 0.00000 0.01000 0.26000 
285.00000 0.06000 -0.10000 -0.01000 0.00000 -0.08000 0.04000 -0.06000 0.03000 0.01000 0.02000 -0.01000 -0.01000 0.01000 -0.03000 0.10000 -0.11000 0.03000 -0.14000 -0.01000 0.00000 0.01000 0.26000 
286.00000 0.06000 -0.10000 -0.01000 0.00000 -0.09000 0.04000 -0.06000 0.03000 0.01000 0.02000 -0.01000 -0.01000 0.00000 -0.03000 0.10000 -0.11000 0.03000 -0.14000 -0.01000 0.00000 0.01000 0.26000 
287.00000 0.06000 -0.10000 -0.01000 0.00000 -0.08000 0.04000 -0.06000 0.03000 0.01000 0.02000 -0.01000 -0.01000 0.00000 -0.03000 0.10000 -0.11000 0.04000 -0.14000 -0.01000 0.00000 0.01000 0.26000 
288.00000 0.06000 -0.10000 -0.01000 0.00000 -0.08000 0.04000 -0.06000 0.03000 0.01000 0.02000 -0.01000 -0.01000 0.00000 -0.02000 0.10000 -0.11000 0.04000 -0.14000 -0.01000 0.00000 0.01000 0.26000 
289.00000 0.06000 -0.10000 -0.01000 0.00000 -0.08000 0.04000 -0.06000 0.03000 0.01000 0.02000 -0.01000 -0.01000 0.00000 -0.02000 0.10000 -0.11000 0.04000 -0.15000 -0.02000 0.00000 0.01000 0.26000 
290.00000 0.07000 -0.10000 -0.01000 0.00000 -0.08000 0.04000 -0.06000 0.03000 0.01000 0.02000 -0.01000 -0.01000 0.00000 -0.02000 0.11000 -0.11000 0.04000 -0.15000 -0.02000 0.01000 0.01000 0.26000 
291.00000 0.07000 -0.10000 -0.01000 0.00000 -0.08000 0.04000 -0.06000 0.03000 0.01000 0.02000 -0.01000 -0.01000 0.00000 -0.02000 0.11000 -0.11000 0.04000 -0.15000 -0.02000 0.01000 0.01000 0.27000 
292.00000 0.07000 -0.10000 -0.01000 0.00000 -0.08000 0.04000 -0.07000 0.03000 0.01000 0.02000 -0.01000 -0.01000 0.00000 -0.02000 0.11000 -0.11000 0.04000 -0.16000 -0.02000 0.01000 0.01000 0.27000 
293.00000 0.07000 -0.10000 -0.01000 0.00000 -0.08000 0.04000 -0.07000 0.03000 0.01000 0.02000 -0.01000 -0.01000 0.00000 -0.02000 0.11000 -0.11000 0.05000 -0.16000 -0.02000 0.02000 0.00000 0.27000 
294.00000 0.07000 -0.10000 -0.01000 0.00000 -0.08000 0.03000 -0.07000 0.03000 0.01000 0.02000 -0.01000 -0.01000 0.00000 -0.02000 0.12000 -0.11000 0.05000 -0.16000 -0.02000 0.02000 0.00000 0.27000 
295.00000 0.07000 -0.10000 -0.01000 0.00000 -0.08000 0.03000 -0.07000 0.03000 0.01000 0.02000 -0.01000 -0.01000 0.00000 -0.02000 0.12000 -0.11000 0.05000 -0.17000 -0.02000 0.03000 0.00000 0.27000 
296.00000 0.08000 -0.10000 -0.01000 0.00000 -0.09000 0.03000 -0.07000 0.04000 0.01000 0.03000 -0.01000 -0.01000 0.00000 -0.02000 0.12000 -0.11000 0.05000 -0.17000 -0.03000 0.03000 0.00000 0.27000 
297.00000 0.08000 -0.10000 -0.01000 0.00000 -0.09000 0.03000 -0.07000 0.04000 0.00000 0.03000 -0.01000 -0.01000 0.00000 -0.02000 0.13000 -0.11000 0.06000 -0.18000 -0.03000 0.04000 0.00000 0.28000 
298.00000 0.09000 -0.10000 0.00000 0.00000 -0.09000 0.03000 -0.08000 0.04000 0.00000 0.03000 -0.01000 -0.01000 0.00000 -0.02000 0.13000 -0.11000 0.06000 -0.19000 -0.03000 0.04000 0.00000 0.28000 
299.00000 0.09000 -0.10000 0.00000 0.00000 -0.09000 0.03000 -0.08000 0.04000 0.00000 0.03000 -0.01000 -0.01000 0.00000 -0.01000 0.14000 -0.11000 0.07000 -0.20000 -0.04000 0.05000 0.00000 0.28000 
300.00000 0.09000 -0.10000 0.00000 0.00000 -0.09000 0.03000 -0.08000 0.04000 0.00000 0.03000 -0.01000 -0.01000 0.00000 -0.01000 0.15000 -0.12000 0.07000 -0.20000 -0.04000 0.06000 0.00000 0.28000 
301.00000 0.10000 -0.11000 0.00000 0.00000 -0.09000 0.03000 -0.09000 0.04000 0.00000 0.03000 -0.01000 -0.01000 0.00000 -0.01000 0.15000 -0.12000 0.08000 -0.22000 -0.05000 0.07000 0.00000 0.29000 
302.00000 0.11000 -0.11000 0.00000 0.00000 -0.09000 0.03000 -0.09000 0.04000 0.00000 0.03000 -0.01000 -0.01000 0.00000 -0.01000 0.16000 -0.12000 0.08000 -0.23000 -0.05000 0.08000 0.00000 0.29000 
303.00000 0.12000 -0.11000 0.00000 0.00000 -0.09000 0.03000 -0.10000 0.05000 0.00000 0.03000 -0.01000 -0.01000 -0.01000 -0.01000 0.18000 -0.13000 0.09000 -0.24000 -0.06000 0.09000 0.00000 0.30000 
304.00000 0.13000 -0.11000 0.00000 -0.01000 -0.10000 0.03000 -0.10000 0.05000 0.00000 0.03000 -0.02000 -0.01000 -0.01000 -0.01000 0.19000 -0.13000 0.11000 -0.26000 -0.07000 0.10000 -0.01000 0.30000 
305.00000 0.14000 -0.11000 0.00000 -0.01000 -0.10000 0.03000 -0.11000 0.05000 0.00000 0.03000 -0.02000 -0.01000 -0.01000 -0.01000 0.21000 -0.13000 0.12000 -0.28000 -0.09000 0.12000 -0.02000 0.31000 
306.00000 0.16000 -0.12000 0.00000 -0.01000 -0.11000 0.03000 -0.12000 0.05000 0.00000 0.03000 -0.02000 -0.01000 -0.02000 -0.01000 0.24000 -0.13000 0.15000 -0.30000 -0.10000 0.13000 -0.02000 0.32000 
307.00000 0.18000 -0.11000 0.00000 -0.01000 -0.11000 0.03000 -0.13000 0.05000 -0.01000 0.03000 -0.02000 -0.01000 -0.02000 -0.01000 0.27000 -0.13000 0.18000 -0.32000 -0.13000 0.15000 -0.04000 0.33000 
308.00000 0.21000 -0.11000 0.00000 -0.01000 -0.12000 0.03000 -0.15000 0.05000 -0.02000 0.03000 -0.02000 -0.01000 -0.03000 -0.01000 0.31000 -0.13000 0.22000 -0.35000 -0.16000 0.17000 -0.05000 0.34000 
309.00000 0.24000 -0.10000 0.00000 -0.01000 -0.13000 0.03000 -0.17000 0.04000 -0.02000 0.03000 -0.02000 -0.01000 -0.04000 -0.01000 0.36000 -0.11000 0.28000 -0.37000 -0.22000 0.19000 -0.07000 0.34000 
310.00000 0.29000 -0.07000 0.00000 -0.01000 -0.14000 0.02000 -0.19000 0.03000 -0.03000 0.02000 -0.02000 -0.01000 -0.05000 -0.01000 0.42000 -0.07000 0.37000 -0.38000 -0.29000 0.20000 -0.11000 0.35000 
311.00000 0.33000 -0.02000 0.00000 -0.01000 -0.15000 0.00000 -0.22000 0.01000 -0.04000 0.01000 -0.03000 -0.02000 -0.06000 -0.03000 0.48000 0.00000 0.49000 -0.35000 -0.39000 0.18000 -0.15000 0.34000 
312.00000 0.35000 0.05000 0.00000 -0.02000 -0.16000 -0.01000 -0.23000 -0.03000 -0.05000 0.00000 -0.03000 -0.02000 -0.07000 -0.04000 0.52000 0.12000 0.62000 -0.27000 -0.49000 0.10000 -0.19000 0.31000 
313.00000 0.33000 0.15000 0.00000 -0.02000 -0.15000 -0.04000 -0.22000 -0.08000 -0.05000 -0.02000 -0.02000 -0.03000 -0.07000 -0.07000 0.48000 0.26000 0.69000 -0.10000 -0.55000 -0.02000 -0.22000 0.25000 
314.00000 0.27000 0.22000 0.00000 -0.02000 -0.13000 -0.06000 -0.19000 -0.12000 -0.03000 -0.04000 -0.02000 -0.03000 -0.06000 -0.09000 0.39000 0.37000 0.68000 0.05000 -0.53000 -0.16000 -0.21000 0.19000 
315.00000 0.18000 0.26000 0.00000 -0.02000 -0.11000 -0.06000 -0.15000 -0.14000 -0.01000 -0.04000 -0.02000 -0.03000 -0.03000 -0.10000 0.26000 0.41000 0.60000 0.20000 -0.46000 -0.27000 -0.18000 0.14000 
316.00000 0.10000 0.25000 0.00000 -0.02000 -0.09000 -0.06000 -0.10000 -0.14000 0.00000 -0.04000 -0.01000 -0.03000 -0.01000 -0.11000 0.15000 0.40000 0.48000 0.27000 -0.36000 -0.33000 -0.14000 0.11000 
317.00000 0.05000 0.22000 0.00000 -0.02000 -0.07000 -0.05000 -0.07000 -0.13000 0.01000 -0.04000 -0.01000 -0.03000 0.00000 -0.10000 0.07000 0.36000 0.38000 0.30000 -0.28000 -0.35000 -0.10000 0.10000 
318.00000 0.01000 0.19000 0.00000 -0.02000 -0.06000 -0.05000 -0.06000 -0.11000 0.02000 -0.03000 -0.01000 -0.03000 0.00000 -0.09000 0.02000 0.31000 0.29000 0.29000 -0.21000 -0.34000 -0.07000 0.11000 
319.00000 0.00000 0.16000 0.00000 -0.02000 -0.06000 -0.04000 -0.04000 -0.10000 0.02000 -0.02000 0.00000 -0.03000 0.01000 -0.09000 0.00000 0.27000 0.23000 0.27000 -0.16000 -0.32000 -0.05000 0.11000 
320.00000 -0.01000 0.14000 0.00000 -0.01000 -0.05000 -0.03000 -0.03000 -0.08000 0.03000 -0.02000 0.00000 -0.02000 0.01000 -0.08000 -0.02000 0.23000 0.19000 0.25000 -0.12000 -0.30000 -0.04000 0.12000 
321.00000 -0.02000 0.11000 0.00000 -0.01000 -0.05000 -0.02000 -0.03000 -0.07000 0.03000 -0.01000 0.00000 -0.02000 0.02000 -0.08000 -0.03000 0.20000 0.15000 0.23000 -0.10000 -0.28000 -0.02000 0.13000 
322.00000 -0.02000 0.10000 0.00000 -0.02000 -0.05000 -0.02000 -0.03000 -0.06000 0.03000 -0.01000 0.00000 -0.02000 0.02000 -0.07000 -0.03000 0.17000 0.13000 0.20000 -0.08000 -0.27000 -0.02000 0.14000 
323.00000 -0.02000 0.08000 0.00000 -0.02000 -0.05000 -0.02000 -0.03000 -0.05000 0.03000 -0.01000 0.00000 -0.02000 0.02000 -0.07000 -0.03000 0.15000 0.11000 0.18000 -0.06000 -0.25000 -0.01000 0.15000 
324.00000 -0.02000 0.07000 0.00000 -0.02000 -0.05000 -0.01000 -0.03000 -0.05000 0.03000 0.00000 0.00000 -0.02000 0.02000 -0.07000 -0.03000 0.13000 0.10000 0.17000 -0.05000 -0.23000 0.00000 0.15000 
325.00000 -0.02000 0.06000 0.00000 -0.02000 -0.05000 -0.01000 -0.03000 -0.04000 0.03000 0.00000 0.00000 -0.02000 0.02000 -0.06000 -0.03000 0.12000 0.09000 0.15000 -0.04000 -0.22000 0.00000 0.16000 
326.00000 -0.02000 0.05000 0.00000 -0.02000 -0.05000 -0.01000 -0.03000 -0.03000 0.03000 0.00000 0.00000 -0.02000 0.02000 -0.06000 -0.03000 0.11000 0.08000 0.14000 -0.03000 -0.21000 0.00000 0.16000 
327.00000 -0.02000 0.04000 0.01000 -0.02000 -0.05000 -0.01000 -0.03000 -0.03000 0.03000 0.00000 0.00000 -0.02000 0.02000 -0.06000 -0.03000 0.09000 0.07000 0.13000 -0.03000 -0.20000 0.00000 0.17000 
328.00000 -0.02000 0.04000 0.01000 -0.02000 -0.05000 0.00000 -0.03000 -0.03000 0.03000 0.00000 0.00000 -0.02000 0.02000 -0.06000 -0.03000 0.09000 0.06000 0.12000 -0.02000 -0.19000 0.00000 0.17000 
329.00000 -0.02000 0.03000 0.01000 -0.02000 -0.05000 0.00000 -0.03000 -0.02000 0.03000 0.00000 0.00000 -0.02000 0.02000 -0.06000 -0.03000 0.08000 0.06000 0.11000 -0.02000 -0.18000 0.00000 0.18000 
330.00000 -0.02000 0.03000 0.01000 -0.02000 -0.05000 0.00000 -0.03000 -0.02000 0.03000 0.00000 0.00000 -0.02000 0.02000 -0.06000 -0.02000 0.07000 0.06000 0.10000 -0.02000 -0.18000 0.00000 0.18000 
331.00000 -0.01000 0.02000 0.01000 -0.02000 -0.05000 0.00000 -0.04000 -0.02000 0.03000 0.00000 0.00000 -0.02000 0.02000 -0.05000 -0.02000 0.06000 0.05000 0.09000 -0.01000 -0.17000 0.00000 0.18000 
332.00000 -0.01000 0.02000 0.01000 -0.02000 -0.06000 0.00000 -0.04000 -0.01000 0.03000 0.00000 0.00000 -0.02000 0.02000 -0.05000 -0.02000 0.06000 0.05000 0.08000 -0.01000 -0.16000 0.00000 0.19000 
333.00000 -0.01000 0.01000 0.01000 -0.02000 -0.05000 0.00000 -0.04000 -0.01000 0.03000 0.00000 0.00000 -0.02000 0.02000 -0.05000 -0.02000 0.05000 0.05000 0.08000 -0.01000 -0.16000 0.00000 0.19000 
334.00000 -0.01000 0.01000 0.01000 -0.02000 -0.06000 0.00000 -0.04000 -0.01000 0.03000 0.00000 0.00000 -0.02000 0.02000 -0.05000 -0.02000 0.05000 0.05000 0.07000 -0.01000 -0.15000 0.00000 0.19000 
335.00000 -0.01000 0.01000 0.01000 -0.02000 -0.06000 0.00000 -0.04000 -0.01000 0.03000 0.00000 0.00000 -0.02000 0.02000 -0.05000 -0.02000 0.04000 0.05000 0.06000 -0.01000 -0.15000 0.00000 0.20000 
336.00000 -0.01000 0.01000 0.01000 -0.02000 -0.06000 0.00000 -0.04000 -0.01000 0.02000 0.00000 0.00000 -0.02000 0.03000 -0.05000 -0.01000 0.04000 0.04000 0.06000 -0.01000 -0.14000 0.00000 0.20000 
337.00000 -0.01000 0.01000 0.01000 -0.02000 -0.06000 0.00000 -0.04000 0.00000 0.03000 0.00000 0.00000 -0.02000 0.03000 -0.05000 -0.01000 0.04000 0.04000 0.05000 -0.01000 -0.14000 0.00000 0.20000 
338.00000 -0.01000 0.00000 0.01000 -0.02000 -0.06000 0.00000 -0.05000 0.00000 0.02000 0.00000 0.00000 -0.02000 0.03000 -0.05000 -0.01000 0.03000 0.04000 0.05000 0.00000 -0.14000 0.00000 0.20000 
339.00000 -0.01000 0.00000 0.01000 -0.02000 -0.06000 0.00000 -0.05000 0.00000 0.02000 0.00000 0.00000 -0.02000 0.03000 -0.05000 -0.01000 0.03000 0.04000 0.05000 0.00000 -0.13000 0.00000 0.21000 
340.00000 0.00000 0.00000 0.02000 -0.02000 -0.06000 0.00000 -0.05000 0.00000 0.02000 0.00000 0.00000 -0.02000 0.03000 -0.05000 -0.01000 0.03000 0.04000 0.04000 0.00000 -0.13000 0.00000 0.21000 
341.00000 0.00000 0.00000 0.02000 -0.02000 -0.06000 0.00000 -0.05000 0.00000 0.02000 0.01000 0.00000 -0.02000 0.03000 -0.05000 -0.01000 0.03000 0.04000 0.04000 0.00000 -0.13000 0.00000 0.21000 
342.00000 0.00000 0.00000 0.02000 -0.03000 -0.06000 0.00000 -0.05000 0.00000 0.02000 0.01000 0.00000 -0.02000 0.03000 -0.05000 -0.01000 0.02000 0.04000 0.03000 0.00000 -0.12000 0.00000 0.21000 
343.00000 0.00000 0.00000 0.02000 -0.03000 -0.06000 0.00000 -0.05000 0.00000 0.02000 0.01000 0.00000 -0.02000 0.03000 -0.05000 0.00000 0.02000 0.04000 0.03000 0.00000 -0.12000 0.00000 0.21000 
344.00000 0.00000 0.00000 0.02000 -0.03000 -0.06000 0.00000 -0.06000 0.00000 0.02000 0.01000 0.00000 -0.02000 0.03000 -0.05000 0.00000 0.02000 0.04000 0.03000 0.00000 -0.12000 0.00000 0.22000 
345.00000 0.00000 0.00000 0.02000 -0.03000 -0.06000 0.00000 -0.06000 0.00000 0.02000 0.01000 0.00000 -0.02000 0.03000 -0.05000 0.00000 0.02000 0.04000 0.02000 0.00000 -0.12000 0.00000 0.22000 
346.00000 0.00000 0.00000 0.02000 -0.03000 -0.07000 0.00000 -0.06000 0.00000 0.02000 0.01000 0.00000 -0.02000 0.04000 -0.05000 0.00000 0.02000 0.04000 0.02000 0.00000 -0.12000 0.00000 0.22000 
347.00000 0.00000 0.00000 0.03000 -0.03000 -0.07000 0.00000 -0.06000 0.00000 0.02000 0.01000 0.00000 -0.02000 0.04000 -0.05000 0.00000 0.02000 0.04000 0.02000 0.00000 -0.11000 0.00000 0.22000 
348.00000 0.00000 0.00000 0.03000 -0.03000 -0.07000 0.00000 -0.06000 0.00000 0.02000 0.01000 0.00000 -0.02000 0.04000 -0.06000 0.00000 0.01000 0.04000 0.01000 0.00000 -0.11000 0.00000 0.23000 
349.00000 0.00000 0.00000 0.03000 -0.03000 -0.07000 0.00000 -0.07000 0.00000 0.02000 0.01000 0.00000 -0.02000 0.04000 -0.06000 0.00000 0.01000 0.04000 0.01000 0.00000 -0.11000 0.00000 0.23000 
350.00000 0.00000 0.00000 0.03000 -0.03000 -0.07000 0.00000 -0.07000 0.00000 0.02000 0.01000 0.00000 -0.02000 0.04000 -0.06000 0.00000 0.01000 0.04000 0.01000 0.00000 -0.11000 0.00000 0.23000 
